((("isort" .
   [1 0 0 0 0])
  ("30" .
   [2 0])
  ("msort" .
   [2 0 0 0 0])
  ("str" .
   [2 0 0])
  ("name" .
   [6 0 0 0])
  ("strcpy" .
   [2 0 0 0 0 0])
  ("swap" .
   [11 0 0 0])
  ("lib" .
   [137 0 0])
  ("bigger" .
   [1 0 0 0 0 0])
  ("insertionsort" .
   [0 0 0 0 0 0 1 0 0 0 0 0 0])
  ("double" .
   [4 0 0 0 0 0])
  ("clean" .
   [3 0 0 0 0])
  ("main" .
   [1 0 0 0])
  ("stdio" .
   [1 0 0 0 0])
  ("solve" .
   [1 0 0 0 0])
  ("final" .
   [2 0 0 0 0])
  ("t2" .
   [9 0])
  ("tmpnam" .
   [0 0 0 1 0 0])
  ("alias" .
   [7 0 0 0 0])
  ("estrutura" .
   [3 0 1 1 4 0 0 0 0])
  ("l" .
   [8])
  ("estrutura_st" .
   [0 0 0 0 1 0 0 0 0 0 0 0])
  ("rad" .
   [1 0 0])
  ("atan" .
   [1 0 0 0])
  ("math" .
   [7 0 0 0])
  ("L2" .
   [3 0])
  ("t" .
   [1])
  ("countsquares" .
   [0 0 0 0 0 0 1 0 0 0 0 0])
  ("best" .
   [2 0 0 0])
  ("sublets" .
   [1 0 0 0 0 0 0])
  ("-name" .
   [1 0 0 0 0])
  ("archey" .
   [1 0 0 0 0 0])
  ("urxvt" .
   [4 0 0 0 0])
  ("right66" .
   [2 0 0 0 0 0 0])
  ("fixed" .
   [6 0 0 0 0])
  ("sticky" .
   [0 0 0 0 0 1])
  ("value" .
   [44 0 0 0 0])
  ("count" .
   [15 0 0 0 0])
  ("bag" .
   [3 0 0])
  ("min_d" .
   [4 0 0 0 0])
  ("d" .
   [2])
  ("lrmin" .
   [1 0 0 0 0])
  ("continue" .
   [3 0 0 0 4 0 0 0])
  ("abs" .
   [7 0 0])
  ("break" .
   [9 0 0 0 0])
  ("brute" .
   [1 0 0 0 0])
  ("pow" .
   [2 0 0])
  ("tmp" .
   [70 0 0])
  ("mid" .
   [12 0 0])
  ("fin" .
   [25 0 0])
  ("v" .
   [1])
  ("rgt" .
   [38 0 0])
  ("lft" .
   [35 0 0])
  ("ccat" .
   [1 0 0 0])
  ("cr" .
   [4 0])
  ("cl" .
   [6 0])
  ("realloc" .
   [2 0 0 0 0 0 0])
  ("point" .
   [47 0 0 0 0])
  ("dmin" .
   [10 0 0 0])
  ("minimum_distance" .
   [0 0 0 0 2 0 0 1 2 0 0 0 0 0 0 0])
  ("right" .
   [9 0 0 0 0])
  ("fmin" .
   [4 0 0 0])
  ("i" .
   [19])
  ("float" .
   [12 0 0 0 0])
  ("min" .
   [19 0 0])
  ("distance" .
   [8 0 0 0 0 0 0 0])
  ("quicksort" .
   [2 0 0 0 0 1 0 0 0])
  ("fact" .
   [5 0 0 0])
  ("arch_mid" .
   [1 0 0 0 0 0 0 0])
  ("arch" .
   [1 0 0 0])
  ("instance" .
   [2 0 0 0 0 0 0 0])
  ("gravity" .
   [4 0 0 0 0 0 2])
  ("left" .
   [10 0 0 0])
  ("background" .
   [1 0 0 0 0 0 0 0 0 0])
  ("ScreenJump4" .
   [1 0 0 0 0 0 0 0 0 0 0])
  ("ScreenJump3" .
   [1 0 0 0 0 0 0 0 0 0 0])
  ("ScreenJump2" .
   [1 0 0 0 0 0 0 0 0 0 0])
  ("ScreenJump1" .
   [1 0 0 0 0 0 0 0 0 0 0])
  ("ViewSwitch4" .
   [1 0 0 0 0 0 0 0 0 0 0])
  ("ViewSwitch3" .
   [1 0 0 0 0 0 0 0 0 0 0])
  ("ViewSwitch2" .
   [1 0 0 0 0 0 0 0 0 0 0])
  ("ViewSwitch" .
   [0 0 0 0 0 0 0 0 0 1])
  ("step" .
   [1 0 0 0])
  ("sublet" .
   [1 0 0 0 0 0])
  ("separator" .
   [2 0 0 0 0 0 0 0 0])
  ("tag" .
   [8 0 0])
  ("grab" .
   [9 0 0 0])
  ("view" .
   [3 0 0 0])
  ("icons" .
   [1 0 0 0 0])
  ("new" .
   [51 0 0])
  ("Icon" .
   [2 0 0 0])
  ("icon" .
   [2 0 0 0])
  ("urgent" .
   [1 0 0 0 0 0])
  ("dynamic" .
   [2 0 0 1 0 0 0])
  ("clock" .
   [2 0 0 0 0])
  ("system" .
   [7 0 0 0 0 1])
  ("sqrt" .
   [2 0 0 0])
  ("speed" .
   [1 0 0 0 0])
  ("size" .
   [5 0 0 0])
  ("angle" .
   [2 0 0 0 0])
  ("hilbert" .
   [1 0 0 0 0 0 0])
  ("level" .
   [2 0 0 0 0])
  ("def" .
   [1 0 0])
  ("format" .
   [0 0 0 0 0 1])
  ("import" .
   [1 0 0 0 0 0])
  ("e" .
   [1])
  ("erc-server" .
   [0 0 0 0 0 0 0 0 0 1])
  ("setq" .
   [1 0 0 0])
  ("nil" .
   [1 0 0])
  ("list_insert_sort" .
   [0 0 0 0 0 0 0 1 0 0 0 0 0 0 0 0])
  ("empty_queue" .
   [0 0 0 1 0 0 0 0 0 0 0])
  ("destroy_queue" .
   [0 0 0 1 0 0 0 0 0 0 0 0 0])
  ("create_queue" .
   [0 0 0 1 0 0 0 0 0 0 0 0])
  ("rear" .
   [10 0 0 0])
  ("front" .
   [1 0 0 1 7])
  ("queue" .
   [0 0 5 21 0])
  ("Q_TYPE" .
   [0 0 7 1 1 0])
  ("MAX_Q" .
   [0 0 4 0 0])
  ("define" .
   [11 0 0 0 0 3])
  ("cria_llivro" .
   [0 0 0 0 1 0 0 0 0 0 0])
  ("livro" .
   [1 0 0 0 0])
  ("eliminar_l" .
   [0 0 0 0 0 0 0 0 0 1])
  ("eliminar" .
   [1 0 0 0 0 0 0 0])
  ("eliminar_llivro" .
   [1 0 0 1 0 0 0 1 0 0 0 0 0 0 0])
  ("ELIMINAR" .
   [0 0 0 1 0 0 0 0])
  ("stdlib.h" .
   [0 1 0 0 0 1 0 0])
  ("stdin" .
   [1 0 1 0 0])
  ("include" .
   [33 0 2 5 2 0 0])
  ("lista_vazia" .
   [0 0 1 1 0 0 0 0 0 0 0])
  ("carrega_emprestados" .
   [0 0 0 0 0 0 0 1 0 0 0 0 0 0 0 0 0 0 0])
  ("CARREGAR" .
   [1 0 0 0 1 1 0 3])
  ("carregar_livros" .
   [0 1 1 0 1 1 0 0 0 0 0 0 1 0 0])
  ("case" .
   [1 0 0 0])
  ("carrega" .
   [1 0 0 0 0 0 1])
  ("free" .
   [29 0 0 1])
  ("pop" .
   [1 1 0])
  ("info" .
   [2 0 0 0])
  ("sizeof" .
   [19 0 0 0 1 3])
  ("NODE_PTR" .
   [0 0 0 0 3 0 0 1])
  ("push" .
   [1 0 0 1])
  ("full_stack" .
   [0 0 0 0 2 0 0 0 0 0])
  ("empty_stack" .
   [0 0 0 3 0 0 0 0 0 0 0])
  ("STACK_TYPE" .
   [1 0 2 18 1 0 0 0 0 0])
  ("stack" .
   [29 0 0 6 13])
  ("void" .
   [60 0 1 3])
  ("if" .
   [162 0])
  ("return" .
   [123 0 2 7 4 12])
  ("else" .
   [79 0 0 0])
  ("int" .
   [149 0 0])
  ("MAX_STACK" .
   [0 0 1 0 0 0 0 0 0])
  ("ITEM_TYPE" .
   [0 0 1 9 3 0 0 0 0])
  ("item" .
   [5 0 0 1])
  ("typedef" .
   [11 0 5 1 3 0 0])
  ("struct" .
   [18 0 1 2 1 8])
  ("NODE_TYPE" .
   [0 0 3 0 2 0 0 0 2])
  ("node_type" .
   [0 0 1 0 1 0 0 0 0])
  ("create_stack" .
   [0 0 0 2 0 0 0 0 0 0 0 0])
  ("destroy_stack" .
   [0 0 0 1 0 1 0 0 0 0 0 0 0])
  ("while" .
   [32 0 0 1 0])
  ("NULL" .
   [39 0 2 1])
  ("temp_ptr" .
   [1 0 1 6 7 0 1 0])
  ("next" .
   [12 0 1 1])
  ("escrever" .
   [2 0 0 0 0 0 0 0])
  ("carlosf" .
   [0 0 0 1 0 1 0])
  ("/home/" .
   [0 1 0 0 0 0])
  ("stdio.h" .
   [0 0 2 0 0 1 0])
  ("f" .
   [1])
  ("lista" .
   [0 0 0 1 0])
  ("input_stack" .
   [0 0 0 1 1 0 0 0 0 0 0])
  ("output_stack" .
   [0 0 1 1 0 0 0 0 0 0 0 0])
  ("printf" .
   [82 0 0 1 0 2])
  ("scanf" .
   [15 0 0 1 1])
  ("inp" .
   [2 0 0])
  ("global-set-key" .
   [0 0 0 1 0 0 1 0 0 1 0 0 0 0])
  ("clipboard-kill-region" .
   [0 0 0 0 0 0 2 0 0 0 0 0 0 0 0 0 0 0 0 0 0])
  ("clipboard-kill-ring-save" .
   [0 0 0 0 0 0 0 0 0 0 0 0 0 0 0 0 0 0 0 1 0 0 0 0])
  ("clipboard-yank" .
   [1 0 0 0 0 0 0 0 0 0 0 0 0 0])
  ("inode" .
   [2 0 0 0 0])
  ("slime" .
   [1 0 0 0 0])
  ("spacer" .
   [2 0 0 0 0 0])
  ("path" .
   [1 0 0 0])
  ("/sys/" .
   [0 0 0 0 1])
  ("/sys/class/" .
   [0 0 0 0 0 0 0 0 1 0 0])
  ("/sys/class/power_supply/" .
   [0 0 0 0 0 0 0 0 0 0 0 0 0 0 1 0 0 0 0 0 0 0 0 0])
  ("/sys/class/power_supply/C23A/" .
   [0 0 0 0 0 0 0 0 0 0 0 0 0 0 0 0 0 0 0 0 0 0 0 0 1 0 0 0 0])
  ("battery" .
   [1 0 0 0 0 0 0])
  ("interval" .
   [2 0 0 0 0 0 0 0])
  ("color" .
   [1 0 0 0 0])
  ("true" .
   [19 0 0 0])
  ("do" .
   [12 1])
  ("dialog" .
   [1 0 0 0 0 0])
  ("match" .
   [9 0 0 0 0])
  ("icon_only" .
   [3 0 0 0 0 0 0 1 0])
  ("xmodmap" .
   [1 0 0 0 1 0 0])
  ("keycode" .
   [1 0 0 0 0 0 0])
  ("volume" .
   [2 0 0 0 0 0])
  ("center" .
   [6 0 0 0 0 0])
  ("/home/valenca/Pictures/wallpaper.png" .
   [0 0 0 0 0 0 0 0 0 0 0 0 0 0 0 0 0 0 0 0 0 0 0 0 0 0 0 0 0 0 0 1 0 0 0 0])
  ("exec" .
   [9 0 1 0])
  ("subtle" .
   [1 0 0 0 0 0])
  ("for" .
   [76 0 0])
  ("malloc" .
   [16 0 0 1 0 0])
  ("pivot" .
   [10 0 0 0 0])
  ("list_l" .
   [12 0 0 0 0 0])
  ("list_r" .
   [11 0 0 0 0 0])
  ("wait" .
   [1 0 0 0])
  ("pidgin" .
   [3 0 0 0 0 2])
  ("role" .
   [2 0 0 0])
  ("right33" .
   [3 0 0 0 0 0 0])
  ("100" .
   [10 0 0])
  ("WindowKill" .
   [1 0 0 0 0 0 0 0 0 0])
  ("title" .
   [1 0 0 0 0])
  ("views" .
   [2 0 0 0 0])
  ("Subtlext" .
   [1 0 0 0 0 0 0 0])
  ("pack" .
   [8 0 0 0])
  ("max" .
   [8 0 0])
  ("countf" .
   [8 0 0 0 0 0])
  ("copy" .
   [2 0 0 0])
  ("from" .
   [1 0 0 0])
  ("save" .
   [2 0 0 0])
  ("min_bag" .
   [1 0 0 0 0 0 0])
  ("min_sacos" .
   [4 0 0 0 0 0 0 0 0])
  ("sum" .
   [2 0 0])
  ("line" .
   [7 0 0 0])
  ("line_st" .
   [2 0 0 0 0 0 0])
  ("qsort" .
   [5 0 0 0 0])
  ("compare" .
   [39 0 0 1 1 3 0])
  ("const" .
   [5 0 0 0 0])
  ("PS1" .
   [1 0 0])
  ("tree_st" .
   [10 0 0 0 0 1 0])
  ("tree" .
   [64 0 0 0])
  ("NODE" .
   [7 0 0 0])
  ("insert" .
   [8 0 0 0 1 0])
  ("old" .
   [28 0 0])
  ("null" .
   [5 0 0 0])
  ("prt" .
   [12 0 0])
  ("create" .
   [6 0 0 0 0 0])
  ("arv" .
   [192 0 0])
  ("printtree" .
   [5 0 0 0 0 0 0 0 0])
  ("delete" .
   [8 0 0 0 1 0])
  ("left66" .
   [1 0 0 0 0 0])
  ("char" .
   [7 0 0 0])
  ("command" .
   [14 0 0 0 0 0 0])
  ("strcmp" .
   [2 0 0 0 0 0])
  ("MAX_SIZE" .
   [0 0 0 1 0 0 0 0])
  ("date" .
   [70 0 0 0])
  ("year" .
   [3 0 0 0])
  ("month" .
   [3 0 0 0 0])
  ("atoi" .
   [1 0 0 0])
  ("sscanf" .
   [0 0 0 0 1 0])
  ("fflush" .
   [2 0 0 0 0 0])
  ("s" .
   [22])
  ("tmp2" .
   [7 0 0 0])
  ("tmp1" .
   [24 0 0 0])
  ("get" .
   [2 0 0])
  ("t1" .
   [8 0])
  ("getbalance" .
   [0 0 0 1 0 0 0 0 0 3])
  ("updateheight" .
   [0 0 0 0 1 0 5 0 0 0 0 0])
  ("id" .
   [38 0])
  ("check" .
   [0 0 0 0 1])
  ("a" .
   [17])
  ("arvore" .
   [11 0 0 0 0 0])
  ("ht" .
   [7 0])
  ("height" .
   [4 0 1 1 4 1])
  ("h" .
   [1])
  ("rotateL" .
   [3 0 0 0 0 0 1])
  ("rotateLR" .
   [6 0 0 0 0 0 0 0])
  ("rotateR" .
   [3 0 0 0 0 0 0])
  ("rotateRL" .
   [4 0 0 0 0 0 0 0])
  ("t3" .
   [2 0])
  ("n" .
   [11])
  ("c" .
   [8])
  ("find" .
   [2 0 0 0])
  ("qt" .
   [4 0])
  ("static" .
   [1 0 0 0 0 0])
  ("lvl" .
   [45 0 0])
  ("getnum" .
   [3 0 0 0 0 0])
  ("log_2" .
   [1 0 0 0 1])
  ("log" .
   [6 0 0])
  ("log2" .
   [3 0 0 0])
  ("log10" .
   [1 0 0 0 0])
  ("dep" .
   [2 0 0])
  ("616d7e" .
   [1 0 1 1 0 0])
  ("list" .
   [12 1 0 0])
  ("skip" .
   [57 0 0 0])
  ("MAX" .
   [27 0 0])
  ("node" .
   [8 0 0 0])
  ("slist" .
   [18 0 0 0 0])
  ("curr" .
   [66 0 0 0])
  ("print" .
   [1 0 0 0 0])
  ("printlist" .
   [1 0 0 0 0 0 0 0 0])
  ("node_st" .
   [3 0 0 0 0 0 0])
  ("N" .
   [2])
  ("1" .
   [1])
  ("prev" .
   [16 0 0 0])
  ("random" .
   [2 0 0 0 0 0])
  ("chooselvl" .
   [1 0 0 0 0 0 1 0 0])
  ("powers" .
   [5 0 0 0 0 0])
  ("srand" .
   [0 0 0 1 0])
  ("time" .
   [1 0 0 0])
  ("splay" .
   [3 0 0 0 0])
  ("pidgin_main" .
   [1 0 0 0 0 0 0 0 0 0 0])
  ("pidgin_conv" .
   [1 0 0 0 0 0 0 0 0 0 0])
  ("col" .
   [17 0 0])
  ("search" .
   [3 0 0 0 0 0])
  ("prob" .
   [1 0 0 0])
  ("enter" .
   [2 0 0 0 0])
  ("long" .
   [1 0 0 0])
  ("unsigned" .
   [1 0 0 0 0 0 0 0])
  ("book" .
   [34 0 0 0])
  ("est" .
   [27 0 0])
  ("pra" .
   [14 0 0])
  ("pos" .
   [4 0 0])
  ("SORT" .
   [2 0 0 0])
  ("ssort" .
   [1 0 0 0 0])
  ("ind" .
   [5 0 0])
  ("m" .
   [1])
  ("b" .
   [1])
  ("choose" .
   [3 0 0 0 0 0])
  ("qusort" .
   [5 0 0 1 0 0])
  ("logkeys" .
   [1 0 0 0 0 0 0])
  ("self" .
   [9 0 0 0])
  ("fila" .
   [2 0 0 0])
  ("snd_queue" .
   [2 0 0 0 0 0 0 0 0])
  ("act_stats" .
   [0 0 0 0 0 1 0 0 1])
  ("trd_queue" .
   [1 0 0 0 0 0 0 0 1])
  ("relat" .
   [3 0 0 0 0])
  ("package" .
   [1 0 0 0 0 0 0])
  ("style" .
   [1 0 0 0 0])
  (":all" .
   [1 0 0 0])))
