((("v_id" .
   [1 0 0 0])
  ("as" .
   [1 0])
  ("3000000" .
   [0 0 1 0 0 0 0])
  ("num" .
   [1 0 0])
  ("current_date" .
   [0 0 0 0 1 0 0 0 0 0 0 0])
  ("msg" .
   [3 0 0])
  ("div" .
   [3 0 0])
  ("300" .
   [1 0 0])
  ("tot" .
   [2 0 0])
  ("10000" .
   [3 0 0 0 0])
  ("afit" .
   [1 0 0 0])
  ("bfit" .
   [1 0 0 0])
  ("perc" .
   [1 0 0 0])
  ("bar" .
   [3 0 0])
  ("clean" .
   [1 0 0 0 0])
  ("total" .
   [1 0 0 0 0])
  ("100" .
   [1 0 0])
  ("1000" .
   [1 0 0 0])
  ("500" .
   [1 0 0])
  ("write" .
   [1 0 0 1 0])
  ("50" .
   [1 0])
  ("width" .
   [1 0 0 0 0])
  ("floor" .
   [1 0 0 0 0])
  ("ceil" .
   [1 0 0 0])
  ("math" .
   [1 0 0 0])
  ("30" .
   [2 0])
  ("out" .
   [4 0 0])
  ("stdout" .
   [1 0 0 0 0 0])
  ("target" .
   [3 0 0 0 0 0])
  ("total_fitness" .
   [0 0 0 1 0 0 0 0 0 0 0 0 0])
  ("dict" .
   [2 0 0 0])
  ("candidates" .
   [0 0 0 0 0 0 0 1 0 0])
  ("fitnesses" .
   [1 0 0 1 0 0 0 0 0])
  ("sum" .
   [3 0 0])
  ("random" .
   [3 0 0 0 0 0])
  ("from" .
   [8 0 0 0])
  ("arr" .
   [4 0 0])
  ("problem_size" .
   [0 0 0 0 1 0 0 0 0 0 0 0])
  ("cost_next_neighbor" .
   [0 0 0 0 0 0 0 0 0 0 0 0 0 0 0 0 0 1])
  ("cost_candi" .
   [0 0 0 0 1 0 1 0 0 0])
  ("next_neighbors" .
   [1 0 0 0 0 0 0 0 0 0 0 0 0 0])
  ("next_neighbor" .
   [0 0 0 0 0 0 0 0 0 0 0 0 1])
  ("candidate" .
   [1 0 0 0 0 1 0 0 0])
  ("fit" .
   [1 0 1])
  ("population" .
   [0 0 0 0 0 0 0 0 0 3])
  ("generation" .
   [2 0 0 0 1 1 1 0 0 0])
  ("n_generations" .
   [0 0 0 0 1 1 1 1 0 0 0 0 0])
  ("fitness" .
   [1 0 0 1 0 0 1])
  ("individual" .
   [0 0 0 0 0 0 0 0 0 1])
  ("basic_hc" .
   [0 0 0 0 0 1 0 0])
  ("best" .
   [1 0 0 0])
  ("split" .
   [1 0 0 0 0])
  ("range" .
   [20 0 0 1 3])
  ("vec100" .
   [2 0 0 0 0 0])
  ("vec50" .
   [1 0 0 0 0])
  ("vec20" .
   [3 0 0 0 1])
  ("append" .
   [5 0 0 0 1 0])
  ("elif" .
   [2 0 0 0])
  ("fname" .
   [3 0 0 0 0])
  ("path" .
   [1 0 0 0])
  (":views" .
   [1 0 0 0 0 0])
  (":spacer" .
   [2 0 0 0 0 0 0])
  (":title" .
   [1 0 0 0 0 0])
  ("15" .
   [1 0])
  ("float" .
   [1 0 0 0 0])
  ("print" .
   [50 0 0 0 1])
  ("sys" .
   [2 0 0])
  ("axis" .
   [1 0 0 0])
  ("plot" .
   [2 0 0 0])
  ("plt" .
   [3 0 0])
  ("len" .
   [20 0 0])
  ("in" .
   [16 0])
  ("array" .
   [6 0 0 0 1])
  (":center" .
   [2 0 0 0 1 0 0])
  ("step" .
   [1 0 0 0])
  (":volume" .
   [1 0 0 0 0 0 0])
  ("inode" .
   [2 0 0 0 0])
  ("clipboard-yank" .
   [1 0 0 0 0 0 0 0 0 0 0 0 0 0])
  ("clipboard-kill-ring-save" .
   [0 0 0 0 0 0 0 0 0 0 0 0 0 0 0 0 0 0 0 1 0 0 0 0])
  ("clipboard-kill-region" .
   [0 0 0 0 0 0 2 0 0 0 0 0 0 0 0 0 0 0 0 0 0])
  ("global-set-key" .
   [0 0 0 1 0 0 1 0 0 1 0 0 0 0])
  ("inp" .
   [2 0 0])
  ("scanf" .
   [0 0 0 1 0])
  ("printf" .
   [1 0 0 1 0 2])
  ("output_stack" .
   [0 0 1 1 0 0 0 0 0 0 0 0])
  ("input_stack" .
   [0 0 0 1 1 0 0 0 0 0 0])
  ("lista" .
   [0 0 0 1 0])
  ("f" .
   [1])
  ("stdio.h" .
   [0 0 2 0 0 1 0])
  ("/home/" .
   [0 1 0 0 0 0])
  ("carlosf" .
   [0 0 0 1 0 1 0])
  ("escrever" .
   [2 0 0 0 0 0 0 0])
  ("next" .
   [2 0 1 1])
  ("temp_ptr" .
   [1 0 1 6 7 0 1 0])
  ("NULL" .
   [2 0 2 1])
  ("while" .
   [11 0 0 1 0])
  ("destroy_stack" .
   [0 0 0 1 0 1 0 0 0 0 0 0 0])
  ("create_stack" .
   [0 0 0 2 0 0 0 0 0 0 0 0])
  ("node_type" .
   [0 0 1 0 1 0 0 0 0])
  ("NODE_TYPE" .
   [0 0 3 0 2 0 0 0 2])
  ("struct" .
   [0 0 1 2 1 5])
  ("typedef" .
   [0 0 5 1 2 0 0])
  ("item" .
   [5 0 0 1])
  ("ITEM_TYPE" .
   [0 0 1 9 3 0 0 0 0])
  ("MAX_STACK" .
   [0 0 1 0 0 0 0 0 0])
  ("int" .
   [16 0 0])
  ("else" .
   [10 0 0 0])
  ("return" .
   [11 0 2 2 1 4])
  ("if" .
   [18 0])
  ("void" .
   [13 0 1 3])
  ("stack" .
   [29 0 0 6 13])
  ("STACK_TYPE" .
   [1 0 2 18 1 0 0 0 0 0])
  ("empty_stack" .
   [0 0 0 3 0 0 0 0 0 0 0])
  ("full_stack" .
   [0 0 0 0 2 0 0 0 0 0])
  ("push" .
   [1 0 0 1])
  ("NODE_PTR" .
   [0 0 0 0 3 0 0 1])
  ("sizeof" .
   [0 0 0 0 1 0])
  ("info" .
   [2 0 0 0])
  ("pop" .
   [2 1 0])
  ("free" .
   [0 0 0 1])
  ("carrega" .
   [1 0 0 0 0 0 1])
  ("case" .
   [1 0 0 0])
  ("carregar_livros" .
   [0 1 1 0 1 1 0 0 0 0 0 0 1 0 0])
  ("CARREGAR" .
   [1 0 0 0 1 1 0 3])
  ("carrega_emprestados" .
   [0 0 0 0 0 0 0 1 0 0 0 0 0 0 0 0 0 0 0])
  ("lista_vazia" .
   [0 0 1 1 0 0 0 0 0 0 0])
  ("include" .
   [5 0 2 3 1 0 0])
  ("stdin" .
   [0 0 1 0 0])
  ("stdlib.h" .
   [0 1 0 0 0 1 0 0])
  ("ELIMINAR" .
   [0 0 0 1 0 0 0 0])
  ("eliminar_llivro" .
   [1 0 0 1 0 0 0 1 0 0 0 0 0 0 0])
  ("eliminar" .
   [1 0 0 0 0 0 0 0])
  ("eliminar_l" .
   [0 0 0 0 0 0 0 0 0 1])
  ("livro" .
   [1 0 0 0 0])
  ("cria_llivro" .
   [0 0 0 0 1 0 0 0 0 0 0])
  ("define" .
   [0 0 0 0 0 2])
  ("MAX_Q" .
   [0 0 4 0 0])
  ("Q_TYPE" .
   [0 0 7 1 1 0])
  ("queue" .
   [0 0 5 21 0])
  ("front" .
   [1 0 0 1 7])
  ("rear" .
   [10 0 0 0])
  ("create_queue" .
   [0 0 0 1 0 0 0 0 0 0 0 0])
  ("destroy_queue" .
   [0 0 0 1 0 0 0 0 0 0 0 0 0])
  ("empty_queue" .
   [0 0 0 1 0 0 0 0 0 0 0])
  ("list_insert_sort" .
   [0 0 0 0 0 0 0 1 0 0 0 0 0 0 0 0])
  ("nil" .
   [1 0 0])
  ("setq" .
   [2 0 0 0])
  ("erc-server" .
   [0 0 0 0 0 0 0 0 0 1])
  ("e" .
   [1])
  ("import" .
   [17 0 0 0 0 0])
  ("format" .
   [0 0 0 0 0 1])
  ("def" .
   [5 0 0])
  ("level" .
   [2 0 0 0 0])
  ("hilbert" .
   [1 0 0 0 0 0 0])
  ("angle" .
   [2 0 0 0 0])
  ("size" .
   [15 0 0 0])
  ("speed" .
   [1 0 0 0 0])
  (":tray" .
   [1 0 0 0 0])
  ("-sf" .
   [2 0 0])
  ("-r" .
   [1 0])
  ("homerepo/subtle" .
   [1 0 0 0 0 0 0 0 0 0 0 0 0 0 0])
  ("-p" .
   [1 0])
  ("grab" .
   [1 0 0 0])
  (":WindowUp" .
   [0 0 0 0 0 0 0 0 1])
  ("for" .
   [21 0 0])
  ("last" .
   [1 0 0 0])
  ("pmx" .
   [2 0 0])
  ("start" .
   [1 0 0 0 0])
  ("pass" .
   [1 0 0 0])
  ("continue" .
   [2 0 0 0 0 0 0 0])
  ("grp" .
   [5 0 0])
  ("index" .
   [10 0 0 0 2])
  ("sample" .
   [3 0 1 0 0 0])
  ("deepcopy" .
   [1 0 0 1 1 0 0 0])
  ("cycle_crossover" .
   [1 0 0 0 0 0 0 0 0 0 0 0 0 0 0])
  ("count" .
   [2 0 0 0 0])
  ("tog" .
   [4 0 0])
  ("mask" .
   [7 0 0 0])
  ("False" .
   [2 0 0 0 0])
  ("length" .
   [9 0 0 2 1 0])
  ("parent1" .
   [7 0 4 2 4 1 8])
  ("slice" .
   [10 0 0 0 0])
  ("individual_size" .
   [0 0 0 0 0 0 0 0 0 0 0 1 0 0 0])
  ("cuts" .
   [4 0 0 0])
  ("choice" .
   [1 0 0 0 0 0])
  ("parent2" .
   [14 0 0 0 0 0 0])
  ("cut1" .
   [8 0 2 0])
  ("cut2" .
   [5 0 0 0])
  ("offspring" .
   [0 0 1 9 0 0 0 0 15])
  ("cut" .
   [12 0 0])
  ("True" .
   [1 0 0 0])
  ("break" .
   [2 0 0 0 0])
  ("not" .
   [1 0 0])
  ("var" .
   [3 0 0])
  ("crossover" .
   [0 0 0 0 0 0 0 0 1])
  ("ordered_crossover" .
   [0 0 0 0 0 1 0 0 0 0 0 0 0 0 0 0 0])
  ("randint" .
   [1 0 0 0 0 0 0])
  ("copy" .
   [1 0 0 0])
  ("tournament" .
   [1 0 0 0 1 0 0 0 0 0])
  ("round" .
   [4 0 0 0 0])
  ("10" .
   [1 0])
  ("5000" .
   [1 0 0 0])
  ("self" .
   [3 0 0 0])
  ("print_type" .
   [0 0 0 0 0 0 0 1 0 0])
  ("str" .
   [6 0 0])
  ("best_fitnesses" .
   [0 0 0 0 0 0 0 0 0 0 0 0 0 1])
  ("average_fitnesses" .
   [0 0 0 0 1 0 0 0 0 0 0 0 0 0 0 0 0])
  ("with" .
   [2 0 0 0])
  ("open" .
   [2 0 0 0])
  ("40" .
   [1 0])
  ("sleep" .
   [3 0 0 0 0])))
